25
     3.5000   12.0000    3.5000   12.7000
    3.5000   12.7000    9.5000   18.7000
    9.5000   18.7000   10.0000   18.8000
   10.0000   18.8000   12.0000   16.8000
   12.0000   16.8000   12.0000   16.0000
   12.0000   16.0000    6.0000   10.0000
    6.0000   10.0000    5.5000   10.0000
    5.5000   10.0000    3.5000   12.0000
   10.5000   12.0000   10.5000   12.7000
   10.5000   12.7000   12.5000   16.7000
   12.5000   16.7000   13.0000   16.8000
   13.0000   16.8000   17.0000   16.8000
   17.0000   16.8000   19.0000   12.8000
   19.0000   12.8000   19.0000   12.0000
   19.0000   12.0000   15.0000    8.0000
   15.0000    8.0000   14.5000    8.0000
   14.5000    8.0000   10.5000   12.0000
    5.5000    4.0000    5.5000    4.7000
    5.5000    4.7000    8.5000   10.7000
    8.5000   10.7000    9.0000   10.8000
    9.0000   10.8000   12.0000    4.8000
   12.0000    4.8000   12.0000    4.0000
   12.0000    4.0000   11.5000    4.0000
   11.5000    4.0000    6.0000    4.0000
    6.0000    4.0000    5.5000    4.0000
1 10
22 12